1	7.35	0.02    0
2	6.54	0.03    0
3	6.36	0.05    0
4	5.18	0.0515  0
5	4.26	0.07    0
6	4.1	    0.08    0
7	3.66	0.1     0
8	3.26	0.13    0
9	2.9	    0.16    0
10	2.58	0.2     0
11	2.3	    0.26    0
12	2.05	0.34    0
13	1.84	0.43    0
14	1.62	0.54    0
15	1.43	0.62    0
16	1.29	0.84    0
17  1.15	1.06    0
18	1.02	1.4     0
19	0.93	1.7     0
20	0.81	2.1     0.5
21	0.72	2.633   1.5
22	0.66	3.3     2.0
23	0.57404	4.23    2.5
24	0.48	5.3862  5
25	0.45	6.9     5
26	0.4	    8.8     10
27	0.36	10.7192    13
28	0.32	13.42   18
29	0.28	15      26
30	0.25	22      30
31	0.22	27.7    35
32	0.2	    34.14   50
33	0.18	42      50
34	0.16	55      50
35	0.14	71      60
36	0.12	85      0
37	0.11	116     0
38	0.1	    42      0
39	0.08	175     0
40	0.07    218     0